Pais	InvGrade	IndicePais	DPBI	PBIpercapita	Inflacion	CrecimPBI	intPBI	RINPBI	
Austria	1	90.50	67.10	25163.00	1.40	2.20	4.00	2.67	
Canada	1	86.00	63.11	22705.00	2.00	5.60	6.00	2.74	
Denmark	1	91.00	41.00	32677.00	2.30	2.00	3.00	8.33	
Finland	1	94.00	42.40	25479.00	2.00	3.50	3.00	3.83	
France	1	81.00	58.90	23844.00	1.30	2.60	3.00	1.24	
Germany	1	86.00	60.80	24662.00	1.50	1.60	3.00	1.50	
Ireland	1	92.50	33.00	30738.00	3.80	14.10	2.00	2.43	
Luxembourg	1	94.50	4.90	47551.00	2.10	5.30	0.00	0.39	
Netherlands	1	88.50	52.60	26432.00	2.90	2.80	3.00	1.38	
Norway	1	90.00	19.28	43283.00	2.50	2.00	2.00	5.70	
Singapore	1	88.50	9.54	20732.00	0.40	3.80	0.00	46.43	
Switzerland	1	92.50	55.20	40400.00	0.80	1.70	2.00	7.88	
UK	1	87.00	31.60	25433.00	1.20	2.40	2.00	1.41	
USA	1	80.00	60.25	37367.00	2.30	3.10	2.00	0.40	
Australia	1	87.00	3.90	22160.00	2.80	4.70	1.00	2.57	
Belgium	1	87.00	106.10	24599.00	1.80	2.30	6.00	2.62	
NZ	1	91.00	14.40	15214.00	1.70	2.50	2.00	3.36	
Spain	1	83.00	54.00	15759.00	2.90	3.50	3.00	3.02	
Sweden	1	91.50	52.40	26084.00	1.50	2.90	3.00	4.07	
Italy	1	81.00	106.70	20759.00	2.20	1.80	6.00	1.45	
Portugal	1	87.50	58.10	11872.00	3.20	2.60	3.00	5.45	
Taiwan	1	76.00	16.20	13027.00	0.60	3.30	2.00	29.81	
Japan	1	87.00	145.90	33502.00	-0.30	0.00	3.00	5.87	
HongKong	1	78.50	0.00	23293.00	-1.90	2.00	0.00	35.14	
Iceland	1	92.00	43.20	29529.00	4.40	3.40	3.00	2.89	
Kuwait	1	71.50	31.74	16071.00	1.40	1.20	2.00	14.38	
Botswana	1	76.00	8.00	3314.00	7.50	6.20	0.00	56.78	
Cyprus	1	77.00	56.60	14860.00	2.60	4.10	3.00	14.36	
Greece	1	77.50	101.20	12247.00	3.40	3.70	6.00	3.42	
Malta	1	86.50	64.30	9737.00	2.40	3.10	4.00	30.65	
Slovenia	1	81.00	28.40	11023.00	8.60	3.90	2.00	17.72	
Bahrain	1	79.50	18.90	12578.00	0.00	4.80	2.00	11.17	
Chile	1	77.50	11.22	4144.00	3.30	2.50	0.00	12.78	
CzechRep	1	79.00	19.50	6709.00	4.70	1.70	1.00	18.54	
Estonia	1	74.50	5.20	4099.00	5.00	4.30	1.00	9.37	
Hungary	1	82.50	56.80	5894.00	8.70	4.40	4.00	9.46	
Israel	1	60.50	103.80	15417.00	3.80	2.60	6.00	13.81	
Korea	1	76.00	26.40	11174.00	3.60	4.30	3.00	12.17	
Qatar	1	74.50	80.58	26572.00	1.50	8.80	4.00	3.92	
Latvia	1	77.00	14.60	3613.00	2.80	4.80	1.00	7.87	
Malaysia	1	72.00	69.60	3789.00	2.60	2.40	3.00	21.19	
Poland	1	79.50	47.60	4859.00	8.50	3.20	4.00	8.30	
China	1	66.00	13.60	1024.00	1.30	7.40	1.00	11.99	
Lituania	1	73.50	27.00	3755.00	1.90	3.20	2.00	9.62	
Oman	1	75.00	16.00	7926.00	0.20	3.50	1.00	7.71	
Tunisia	1	71.50	61.00	2073.00	2.70	4.90	3.00	6.05	
Croatia	1	73.00	53.80	4718.00	4.80	2.70	2.00	15.26	
Mexico	1	70.00	43.50	5970.00	9.80	3.40	3.00	4.37	
SlovakRep	1	79.50	55.70	4279.00	8.10	3.60	4.00	20.63	
SouthAfrica	1	64.00	41.35	2253.00	6.30	2.20	5.00	3.46	
Thailand	1	72.50	23.30	1840.00	2.50	0.80	2.00	17.46	
T&T	1	66.00	17.20	7439.00	4.40	4.80	4.00	13.37	
Egypt	0	63.00	42.40	1343.00	3.30	4.40	5.00	7.20	
ElSalvador	0	65.50	47.94	2246.00	2.20	2.80	2.00	6.12	
Philippines	0	67.00	69.10	931.00	6.40	2.90	5.00	9.31	
Bulgaria	0	72.50	65.20	2002.00	9.00	3.90	2.00	16.01	
Colombia	0	53.00	55.00	1856.00	9.80	0.40	5.00	7.52	
CostaRica	0	76.00	19.77	4334.00	11.20	4.10	4.00	4.79	
Guatemala	0	63.00	40.70	1879.00	6.70	3.40	1.00	4.78	
India	0	57.00	20.41	446.00	6.10	5.60	1.90	7.88	
Kazakhstan	0	69.00	17.60	1602.00	8.20	6.10	1.00	5.31	
Morocco	0	71.50	70.70	1261.00	1.30	3.90	5.00	13.76	
Panama	0	72.00	51.60	3776.00	0.90	2.20	6.00	5.72	
DominicanRep	0	66.50	20.90	2525.00	6.50	5.90	1.00	1.15	
Jordan 	0	68.50	133.76	1787.00	1.80	3.70	4.00	22.15	
Peru	0	61.00	36.80	2088.00	3.40	1.40	2.00	8.56	
Russia	0	62.50	98.00	2326.00	34.80	3.60	3.00	7.18	
Vietnam	0	67.50	38.30	435.00	2.00	4.80	1.00	11.38	
Bolivia	0	64.50	61.30	897.00	3.40	1.80	2.00	4.38	
Brazil	0	69.00	24.70	2896.00	6.40	1.60	11.00	3.87	
Jamaica	0	71.50	148.50	3024.00	7.10	0.90	15.00	10.91	
Romania	0	71.00	28.60	1912.00	42.40	0.80	4.00	9.36	
Senegal	0	60.50	62.76	514.00	1.70	5.40	1.00	6.34	
Mongolia	0	71.50	58.90	445.00	9.40	2.40	2.00	15.97	
Papua 	0	57.00	54.40	485.00	12.80	-0.40	4.00	6.83	
Paraguay	0	53.00	58.60	1014.00	9.00	0.20	2.00	5.57	
Ukranie	0	58.50	24.60	850.00	15.30	3.40	3.00	5.65	
Uruguay	0	71.00	67.00	3778.00	8.70	-2.60	4.00	3.23	
Lebanon	0	60.00	177.70	4064.00	1.70	1.10	17.00	27.43	
Pakistan	0	49.00	96.20	414.00	4.90	3.50	7.00	7.09	
Suriname	0	65.00	35.20	1535.00	50.10	-0.80	1.00	8.67	
Turkey	0	60.00	66.08	2809.00	63.90	0.20	24.00	7.70	
Venezuela	0	46.50	41.00	3893.00	24.60	-1.20	4.00	5.07	
Ecuador	0	57.50	51.70	1474.00	47.00	-18.80	4.00	2.02	
Indonesia	0	48.50	0.43	856.00	20.00	0.20	5.00	8.37	
Argentina	0	54.50	83.60	4066.00	9.40	-3.00	2.00	3.60	





									
									
									
									
								
								
								
								
								
								
								
								
								
								
								
								
								
								
								
								
								
								
								
								
								
								
								
								
								
								
								
								
								
								
								
								
								
								
								
								
								
								
								
								
								
								
								
								
								
								
								
								
								
								
								
								
								
								
								
								
								
								
								
								
								
								
								
								
								
								
								
								
								
								
								
								
								
								
								
								
								
								
								
								
								
								
								
								
								
								
								
								
								
								
								
								
								
								
								
								
								
								
								
								
								
								
								
								
								
								
								
								
								
								
								
								
								
								
								
								
								
								
								
								
								
								
								
								
								
								
								
								
								
								
								
								
								
								
								
								
								
								
								
								
								
								
								
								
								
								
								
								
								
								
								
								
								
								
								
								
								
								
								
								
								
								
								
								
								
								
								
								
								
								
								
								
								
								
								
								
								
								
								
								
								
								
								
								
								
								
								
								
								
								
								
								
								
								
								
								
								
								
								
								
								
								
								
								
								
								
								
								
								
								
								
								
								
								
								
								
								
								
								
								
								
								
								
								
								
								
								
								
								
								
								
								
								
								
								
								
								
								
								
								
								
								
								
								
								
								
								
								
								
								
								
								
								
								
								
								
								
								
								
								
								
								
								
								
								
								
								
								
								
								
								
								
								
								